0x7fffaf2060ac 1.0 0 0 0
0x602050 0.5 0 0 1
0x7fffaf20607c 0.3333333333333333 0 0 1
0x7fffaf20607c 0.25 1 1 1
0x602050 0.2 1 3 1
0x7fffaf206078 0.16666666666666666 0 0 1
0x7fffaf206078 0.14285714285714285 1 1 1
0x602050 0.125 2 3 1
0x7fffaf20607c 0.1111111111111111 2 5 1
0x7fffaf206078 0.1 2 3 1
0x602060 0.09090909090909091 0 0 0
0x7fffaf206078 0.08333333333333333 3 2 1
0x7fffaf206078 0.07692307692307693 4 1 1
0x7fffaf206078 0.07142857142857142 5 1 1
0x602050 0.06666666666666667 3 7 1
0x7fffaf20607c 0.0625 3 7 1
0x7fffaf206078 0.058823529411764705 6 3 1
0x602064 0.05555555555555555 0 0 0
0x7fffaf206078 0.05263157894736842 7 2 1
0x7fffaf206078 0.05 8 1 1
0x7fffaf206078 0.047619047619047616 9 1 1
0x602050 0.045454545454545456 4 7 1
0x7fffaf20607c 0.043478260869565216 4 7 1
0x7fffaf206078 0.041666666666666664 10 3 1
0x602068 0.04 0 0 0
0x7fffaf206078 0.038461538461538464 11 2 1
0x7fffaf206078 0.037037037037037035 12 1 1
0x7fffaf206078 0.03571428571428571 13 1 1
0x602050 0.034482758620689655 5 7 1
0x7fffaf20607c 0.03333333333333333 5 7 1
0x7fffaf206078 0.03225806451612903 14 3 1
0x60206c 0.0625 0 0 0
0x7fffaf206078 0.06060606060606061 15 2 1
0x7fffaf206078 0.058823529411764705 16 1 1
0x7fffaf206078 0.05714285714285714 17 1 1
0x602050 0.05555555555555555 6 7 1
0x7fffaf20607c 0.05405405405405406 6 7 1
0x7fffaf206078 0.05263157894736842 18 3 1
0x602070 0.05128205128205128 0 0 0
0x7fffaf206078 0.05 19 2 1
0x7fffaf206078 0.04878048780487805 20 1 1
0x7fffaf206078 0.047619047619047616 21 1 1
0x602050 0.046511627906976744 7 7 1
0x7fffaf20607c 0.045454545454545456 7 7 1
0x7fffaf206078 0.044444444444444446 22 3 1
0x602074 0.043478260869565216 0 0 0
0x7fffaf206078 0.0425531914893617 23 2 1
0x7fffaf206078 0.041666666666666664 24 1 1
0x7fffaf206078 0.04081632653061224 25 1 1
0x602050 0.04 8 7 1
0x7fffaf20607c 0.0392156862745098 8 7 1
0x6021f0 0.038461538461538464 0 0 0
0x7fffaf20607c 0.03773584905660377 9 2 1
0x7fffaf20607c 0.037037037037037035 10 1 1
0x7fffaf20607c 0.03636363636363636 11 1 1
0x602050 0.03571428571428571 9 6 1
0x7fffaf206078 0.03508771929824561 26 8 1
0x7fffaf206078 0.034482758620689655 27 1 1
0x602050 0.03389830508474576 10 3 1
0x7fffaf20607c 0.03333333333333333 12 5 1
0x7fffaf206078 0.03278688524590164 28 3 1
0x602088 0.03225806451612903 0 0 0
0x7fffaf206078 0.031746031746031744 29 2 1
0x7fffaf206078 0.03125 30 1 1
0x7fffaf206078 0.03076923076923077 31 1 1
0x602050 0.030303030303030304 11 7 1
0x7fffaf20607c 0.029850746268656716 13 7 1
0x7fffaf206078 0.029411764705882353 32 3 1
0x60208c 0.028985507246376812 0 0 0
0x7fffaf206078 0.02857142857142857 33 2 1
0x7fffaf206078 0.028169014084507043 34 1 1
0x7fffaf206078 0.027777777777777776 35 1 1
0x602050 0.0273972602739726 12 7 1
0x7fffaf20607c 0.02702702702702703 14 7 1
0x7fffaf206078 0.02666666666666667 36 3 1
0x602090 0.02631578947368421 0 0 0
0x7fffaf206078 0.025974025974025976 37 2 1
0x7fffaf206078 0.02564102564102564 38 1 1
0x7fffaf206078 0.02531645569620253 39 1 1
0x602050 0.025 13 7 1
0x7fffaf20607c 0.024691358024691357 15 7 1
0x7fffaf206078 0.024390243902439025 40 3 1
0x602094 0.024096385542168676 0 0 0
0x7fffaf206078 0.023809523809523808 41 2 1
0x7fffaf206078 0.023529411764705882 42 1 1
0x7fffaf206078 0.023255813953488372 43 1 1
0x602050 0.022988505747126436 14 7 1
0x7fffaf20607c 0.022727272727272728 16 7 1
0x7fffaf206078 0.02247191011235955 44 3 1
0x602098 0.03333333333333333 0 0 0
0x7fffaf206078 0.03296703296703297 45 2 1
0x7fffaf206078 0.03260869565217391 46 1 1
0x7fffaf206078 0.03225806451612903 47 1 1
0x602050 0.031914893617021274 15 7 1
0x7fffaf20607c 0.031578947368421054 17 7 1
0x7fffaf206078 0.03125 48 3 1
0x60209c 0.030927835051546393 0 0 0
0x7fffaf206078 0.030612244897959183 49 2 1
0x7fffaf206078 0.030303030303030304 50 1 1
0x7fffaf206078 0.03 51 1 1
0x602050 0.0297029702970297 16 7 1
0x7fffaf20607c 0.029411764705882353 18 7 1
0x6021f4 0.02912621359223301 0 0 0
0x7fffaf20607c 0.028846153846153848 19 2 1
0x7fffaf20607c 0.02857142857142857 20 1 1
0x7fffaf20607c 0.02830188679245283 21 1 1
0x602050 0.028037383177570093 17 6 1
0x7fffaf206078 0.027777777777777776 52 8 1
0x7fffaf206078 0.027522935779816515 53 1 1
0x602050 0.02727272727272727 18 3 1
0x7fffaf20607c 0.02702702702702703 22 5 1
0x7fffaf206078 0.026785714285714284 54 3 1
0x6020b0 0.02654867256637168 0 0 0
0x7fffaf206078 0.02631578947368421 55 2 1
0x7fffaf206078 0.02608695652173913 56 1 1
0x7fffaf206078 0.02586206896551724 57 1 1
0x602050 0.02564102564102564 19 7 1
0x7fffaf20607c 0.025423728813559324 23 7 1
0x7fffaf206078 0.025210084033613446 58 3 1
0x6020b4 0.025 0 0 0
0x7fffaf206078 0.024793388429752067 59 2 1
0x7fffaf206078 0.02459016393442623 60 1 1
0x7fffaf206078 0.024390243902439025 61 1 1
0x602050 0.024193548387096774 20 7 1
0x7fffaf20607c 0.024 24 7 1
0x7fffaf206078 0.023809523809523808 62 3 1
0x6020b8 0.023622047244094488 0 0 0
0x7fffaf206078 0.0234375 63 2 1
0x7fffaf206078 0.023255813953488372 64 1 1
0x7fffaf206078 0.023076923076923078 65 1 1
0x602050 0.022900763358778626 21 7 1
0x7fffaf20607c 0.022727272727272728 25 7 1
0x7fffaf206078 0.022556390977443608 66 3 1
0x6020bc 0.022388059701492536 0 0 0
0x7fffaf206078 0.022222222222222223 67 2 1
0x7fffaf206078 0.022058823529411766 68 1 1
0x7fffaf206078 0.021897810218978103 69 1 1
0x602050 0.021739130434782608 22 7 1
0x7fffaf20607c 0.02158273381294964 26 7 1
0x7fffaf206078 0.02142857142857143 70 3 1
0x6020c0 0.02127659574468085 0 0 0
0x7fffaf206078 0.02112676056338028 71 2 1
0x7fffaf206078 0.02097902097902098 72 1 1
0x7fffaf206078 0.020833333333333332 73 1 1
0x602050 0.020689655172413793 23 7 1
0x7fffaf20607c 0.02054794520547945 27 7 1
0x7fffaf206078 0.02040816326530612 74 3 1
0x6020c4 0.02702702702702703 0 0 0
0x7fffaf206078 0.026845637583892617 75 2 1
0x7fffaf206078 0.02666666666666667 76 1 1
0x7fffaf206078 0.026490066225165563 77 1 1
0x602050 0.02631578947368421 24 7 1
0x7fffaf20607c 0.026143790849673203 28 7 1
0x6021f8 0.025974025974025976 0 0 0
0x7fffaf20607c 0.025806451612903226 29 2 1
0x7fffaf20607c 0.02564102564102564 30 1 1
0x7fffaf20607c 0.025477707006369428 31 1 1
0x602050 0.02531645569620253 25 6 1
0x7fffaf206078 0.025157232704402517 78 8 1
0x7fffaf206078 0.025 79 1 1
0x602050 0.024844720496894408 26 3 1
0x7fffaf20607c 0.024691358024691357 32 5 1
0x7fffaf206078 0.024539877300613498 80 3 1
0x6020d8 0.024390243902439025 0 0 0
0x7fffaf206078 0.024242424242424242 81 2 1
0x7fffaf206078 0.024096385542168676 82 1 1
0x7fffaf206078 0.023952095808383235 83 1 1
0x602050 0.023809523809523808 27 7 1
0x7fffaf20607c 0.023668639053254437 33 7 1
0x7fffaf206078 0.023529411764705882 84 3 1
0x6020dc 0.023391812865497075 0 0 0
0x7fffaf206078 0.023255813953488372 85 2 1
0x7fffaf206078 0.023121387283236993 86 1 1
0x7fffaf206078 0.022988505747126436 87 1 1
0x602050 0.022857142857142857 28 7 1
0x7fffaf20607c 0.022727272727272728 34 7 1
0x7fffaf206078 0.022598870056497175 88 3 1
0x6020e0 0.02247191011235955 0 0 0
0x7fffaf206078 0.0223463687150838 89 2 1
0x7fffaf206078 0.022222222222222223 90 1 1
0x7fffaf206078 0.022099447513812154 91 1 1
0x602050 0.02197802197802198 29 7 1
0x7fffaf20607c 0.02185792349726776 35 7 1
0x7fffaf206078 0.021739130434782608 92 3 1
0x6020e4 0.021621621621621623 0 0 0
0x7fffaf206078 0.021505376344086023 93 2 1
0x7fffaf206078 0.0213903743315508 94 1 1
0x7fffaf206078 0.02127659574468085 95 1 1
0x602050 0.021164021164021163 30 7 1
0x7fffaf20607c 0.021052631578947368 36 7 1
0x7fffaf206078 0.020942408376963352 96 3 1
0x6020e8 0.020833333333333332 0 0 0
0x7fffaf206078 0.02072538860103627 97 2 1
0x7fffaf206078 0.020618556701030927 98 1 1
0x7fffaf206078 0.020512820512820513 99 1 1
0x602050 0.02040816326530612 31 7 1
0x7fffaf20607c 0.02030456852791878 37 7 1
0x7fffaf206078 0.020202020202020204 100 3 1
0x6020ec 0.020100502512562814 0 0 0
0x7fffaf206078 0.02 101 2 1
0x7fffaf206078 0.01990049751243781 102 1 1
0x7fffaf206078 0.019801980198019802 103 1 1
0x602050 0.019704433497536946 32 7 1
0x7fffaf20607c 0.0196078431372549 38 7 1
0x6021fc 0.024390243902439025 0 0 0
0x7fffaf20607c 0.024271844660194174 39 2 1
0x7fffaf20607c 0.024154589371980676 40 1 1
0x7fffaf20607c 0.02403846153846154 41 1 1
0x602050 0.023923444976076555 33 6 1
0x7fffaf206078 0.023809523809523808 104 8 1
0x7fffaf206078 0.023696682464454975 105 1 1
0x602050 0.02358490566037736 34 3 1
0x7fffaf20607c 0.023474178403755867 42 5 1
0x7fffaf206078 0.02336448598130841 106 3 1
0x602100 0.023255813953488372 0 0 0
0x7fffaf206078 0.023148148148148147 107 2 1
0x7fffaf206078 0.02304147465437788 108 1 1
0x7fffaf206078 0.022935779816513763 109 1 1
0x602050 0.0228310502283105 35 7 1
0x7fffaf20607c 0.022727272727272728 43 7 1
0x7fffaf206078 0.02262443438914027 110 3 1
0x602104 0.02252252252252252 0 0 0
0x7fffaf206078 0.02242152466367713 111 2 1
0x7fffaf206078 0.022321428571428572 112 1 1
0x7fffaf206078 0.022222222222222223 113 1 1
0x602050 0.022123893805309734 36 7 1
0x7fffaf20607c 0.022026431718061675 44 7 1
0x7fffaf206078 0.021929824561403508 114 3 1
0x602108 0.021834061135371178 0 0 0
0x7fffaf206078 0.021739130434782608 115 2 1
0x7fffaf206078 0.021645021645021644 116 1 1
0x7fffaf206078 0.021551724137931036 117 1 1
0x602050 0.02145922746781116 37 7 1
0x7fffaf20607c 0.021367521367521368 45 7 1
0x7fffaf206078 0.02127659574468085 118 3 1
0x60210c 0.0211864406779661 0 0 0
0x7fffaf206078 0.02109704641350211 119 2 1
0x7fffaf206078 0.02100840336134454 120 1 1
0x7fffaf206078 0.02092050209205021 121 1 1
0x602050 0.020833333333333332 38 7 1
0x7fffaf20607c 0.02074688796680498 46 7 1
0x7fffaf206078 0.02066115702479339 122 3 1
0x602110 0.0205761316872428 0 0 0
0x7fffaf206078 0.020491803278688523 123 2 1
0x7fffaf206078 0.02040816326530612 124 1 1
0x7fffaf206078 0.02032520325203252 125 1 1
0x602050 0.020242914979757085 39 7 1
0x7fffaf20607c 0.020161290322580645 47 7 1
0x7fffaf206078 0.020080321285140562 126 3 1
0x602114 0.02 0 0 0
0x7fffaf206078 0.0199203187250996 127 2 1
0x7fffaf206078 0.01984126984126984 128 1 1
0x7fffaf206078 0.019762845849802372 129 1 1
0x602050 0.01968503937007874 40 7 1
0x7fffaf20607c 0.0196078431372549 48 7 1
0x602200 0.01953125 0 0 0
0x7fffaf20607c 0.019455252918287938 49 2 1
0x7fffaf20607c 0.01937984496124031 50 1 1
0x7fffaf20607c 0.019305019305019305 51 1 1
0x602050 0.019230769230769232 41 6 1
0x7fffaf206078 0.019157088122605363 130 8 1
0x7fffaf206078 0.019083969465648856 131 1 1
0x602050 0.019011406844106463 42 3 1
0x7fffaf20607c 0.01893939393939394 52 5 1
0x7fffaf206078 0.018867924528301886 132 3 1
0x602128 0.022556390977443608 0 0 0
0x7fffaf206078 0.02247191011235955 133 2 1
0x7fffaf206078 0.022388059701492536 134 1 1
0x7fffaf206078 0.022304832713754646 135 1 1
0x602050 0.022222222222222223 43 7 1
0x7fffaf20607c 0.02214022140221402 53 7 1
0x7fffaf206078 0.022058823529411766 136 3 1
0x60212c 0.02197802197802198 0 0 0
0x7fffaf206078 0.021897810218978103 137 2 1
0x7fffaf206078 0.02181818181818182 138 1 1
0x7fffaf206078 0.021739130434782608 139 1 1
0x602050 0.021660649819494584 44 7 1
0x7fffaf20607c 0.02158273381294964 54 7 1
0x7fffaf206078 0.021505376344086023 140 3 1
0x602130 0.02142857142857143 0 0 0
0x7fffaf206078 0.021352313167259787 141 2 1
0x7fffaf206078 0.02127659574468085 142 1 1
0x7fffaf206078 0.02120141342756184 143 1 1
0x602050 0.02112676056338028 45 7 1
0x7fffaf20607c 0.021052631578947368 55 7 1
0x7fffaf206078 0.02097902097902098 144 3 1
0x602134 0.020905923344947737 0 0 0
0x7fffaf206078 0.020833333333333332 145 2 1
0x7fffaf206078 0.020761245674740483 146 1 1
0x7fffaf206078 0.020689655172413793 147 1 1
0x602050 0.020618556701030927 46 7 1
0x7fffaf20607c 0.02054794520547945 56 7 1
0x7fffaf206078 0.020477815699658702 148 3 1
0x602138 0.02040816326530612 0 0 0
0x7fffaf206078 0.020338983050847456 149 2 1
0x7fffaf206078 0.02027027027027027 150 1 1
0x7fffaf206078 0.020202020202020204 151 1 1
0x602050 0.020134228187919462 47 7 1
0x7fffaf20607c 0.020066889632107024 57 7 1
0x7fffaf206078 0.02 152 3 1
0x60213c 0.019933554817275746 0 0 0
0x7fffaf206078 0.019867549668874173 153 2 1
0x7fffaf206078 0.019801980198019802 154 1 1
0x7fffaf206078 0.019736842105263157 155 1 0
0x602050 0.019672131147540985 48 7 1
0x7fffaf20607c 0.0196078431372549 58 7 1
0x602204 0.019543973941368076 0 0 0
0x7fffaf20607c 0.01948051948051948 59 2 1
0x7fffaf20607c 0.019417475728155338 60 1 1
0x7fffaf20607c 0.01935483870967742 61 1 1
0x602050 0.01929260450160772 49 6 1
0x7fffaf20607c 0.019230769230769232 62 2 1
0x7fffaf20607c 0.019169329073482427 63 1 1
0x602050 0.01910828025477707 50 3 1
0x7fffaf206078 0.01904761904761905 156 12 1
0x7fffaf206078 0.0189873417721519 157 1 1
0x602050 0.01892744479495268 51 4 1
0x7fffaf20607c 0.018867924528301886 64 6 1
0x7fffaf206078 0.018808777429467086 158 3 1
0x602060 0.01875 1 310 0
18042893830x7fffaf206078 0.018691588785046728 0 0 0
0x7fffaf206078 0.018633540372670808 159 3 1
0x7fffaf206078 0.018575851393188854 160 1 1
0x602050 0.018518518518518517 52 7 1
0x7fffaf20607c 0.018461538461538463 65 7 1
0x7fffaf206078 0.018404907975460124 161 3 1
0x602064 0.01834862385321101 1 310 0
8469308860x7fffaf206078 0.021341463414634148 0 0 0
0x7fffaf206078 0.02127659574468085 162 3 1
0x7fffaf206078 0.021212121212121213 163 1 1
0x602050 0.021148036253776436 53 7 1
0x7fffaf20607c 0.02108433734939759 66 7 1
0x7fffaf206078 0.021021021021021023 164 3 1
0x602068 0.020958083832335328 1 310 0
16816927770x7fffaf206078 0.020895522388059702 0 0 0
0x7fffaf206078 0.020833333333333332 165 3 1
0x7fffaf206078 0.020771513353115726 166 1 1
0x602050 0.020710059171597635 54 7 1
0x7fffaf20607c 0.02064896755162242 67 7 1
0x7fffaf206078 0.020588235294117647 167 3 1
0x60206c 0.020527859237536656 1 310 0
17146369150x7fffaf206078 0.02046783625730994 0 0 0
0x7fffaf206078 0.02040816326530612 168 3 1
0x7fffaf206078 0.020348837209302327 169 1 1
0x602050 0.020289855072463767 55 7 1
0x7fffaf20607c 0.02023121387283237 68 7 1
0x7fffaf206078 0.020172910662824207 170 3 1
0x602070 0.020114942528735632 1 310 0
19577477930x7fffaf206078 0.02005730659025788 0 0 0
0x7fffaf206078 0.02 171 3 1
0x7fffaf206078 0.019943019943019943 172 1 1
0x602050 0.019886363636363636 56 7 1
0x7fffaf20607c 0.019830028328611898 69 7 1
0x7fffaf206078 0.01977401129943503 173 3 1
0x602074 0.01971830985915493 1 310 0
4242383350x7fffaf206078 0.019662921348314606 0 0 0
0x7fffaf206078 0.0196078431372549 174 3 1
0x7fffaf206078 0.019553072625698324 175 1 1
0x602050 0.019498607242339833 57 7 1
0x7fffaf20607c 0.019444444444444445 70 7 1
0x7fffaf20607c 0.019390581717451522 71 1 1
0x7fffaf20607c 0.019337016574585635 72 1 1
0x602050 0.01928374655647383 58 4 1
0x7fffaf206078 0.019230769230769232 176 7 1
0x7fffaf206078 0.019178082191780823 177 1 1
0x602050 0.01912568306010929 59 4 1
0x7fffaf20607c 0.01907356948228883 73 6 1
0x7fffaf206078 0.019021739130434784 178 3 1
0x602088 0.018970189701897018 1 309 0
7198853860x7fffaf206078 0.01891891891891892 0 0 0
0x7fffaf206078 0.018867924528301886 179 3 1
0x7fffaf206078 0.01881720430107527 180 1 1
0x602050 0.01876675603217158 60 7 1
0x7fffaf20607c 0.01871657754010695 74 7 1
0x7fffaf206078 0.018666666666666668 181 3 1
0x60208c 0.018617021276595744 1 309 0
16497604920x7fffaf206078 0.01856763925729443 0 0 0
0x7fffaf206078 0.018518518518518517 182 3 1
0x7fffaf206078 0.018469656992084433 183 1 1
0x602050 0.018421052631578946 61 7 1
0x7fffaf20607c 0.01837270341207349 75 7 1
0x7fffaf206078 0.01832460732984293 184 3 1
0x602090 0.018276762402088774 1 309 0
5965166490x7fffaf206078 0.018229166666666668 0 0 0
0x7fffaf206078 0.01818181818181818 185 3 1
0x7fffaf206078 0.018134715025906734 186 1 1
0x602050 0.01808785529715762 62 7 1
0x7fffaf20607c 0.01804123711340206 76 7 1
0x7fffaf206078 0.017994858611825194 187 3 1
0x602094 0.017948717948717947 1 309 0
11896414210x7fffaf206078 0.020460358056265986 0 0 0
0x7fffaf206078 0.02040816326530612 188 3 1
0x7fffaf206078 0.020356234096692113 189 1 1
0x602050 0.02030456852791878 63 7 1
0x7fffaf20607c 0.020253164556962026 77 7 1
0x7fffaf206078 0.020202020202020204 190 3 1
0x602098 0.020151133501259445 1 309 0
10252023620x7fffaf206078 0.020100502512562814 0 0 0
0x7fffaf206078 0.020050125313283207 191 3 1
0x7fffaf206078 0.02 192 1 1
0x602050 0.0199501246882793 64 7 1
0x7fffaf20607c 0.01990049751243781 78 7 1
0x7fffaf206078 0.019851116625310174 193 3 1
0x60209c 0.019801980198019802 1 309 0
13504900270x7fffaf206078 0.019753086419753086 0 0 0
0x7fffaf206078 0.019704433497536946 194 3 1
0x7fffaf206078 0.019656019656019656 195 1 1
0x602050 0.0196078431372549 65 7 1
0x7fffaf20607c 0.019559902200488997 79 7 1
0x7fffaf20607c 0.01951219512195122 80 1 1
0x7fffaf20607c 0.019464720194647202 81 1 1
0x602050 0.019417475728155338 66 4 1
0x7fffaf206078 0.01937046004842615 196 7 1
0x7fffaf206078 0.01932367149758454 197 1 1
0x602050 0.01927710843373494 67 4 1
0x7fffaf20607c 0.019230769230769232 82 6 1
0x7fffaf206078 0.019184652278177457 198 3 1
0x6020b0 0.019138755980861243 1 308 0
7833686900x7fffaf206078 0.01909307875894988 0 0 0
0x7fffaf206078 0.01904761904761905 199 3 1
0x7fffaf206078 0.019002375296912115 200 1 1
0x602050 0.018957345971563982 68 7 1
0x7fffaf20607c 0.018912529550827423 83 7 1
0x7fffaf206078 0.018867924528301886 201 3 1
0x6020b4 0.018823529411764704 1 308 0
11025200590x7fffaf206078 0.018779342723004695 0 0 0
0x7fffaf206078 0.01873536299765808 202 3 1
0x7fffaf206078 0.018691588785046728 203 1 1
0x602050 0.018648018648018648 69 7 1
0x7fffaf20607c 0.018604651162790697 84 7 1
0x7fffaf206078 0.018561484918793503 204 3 1
0x6020b8 0.018518518518518517 1 308 0
20448977630x7fffaf206078 0.018475750577367205 0 0 0
0x7fffaf206078 0.018433179723502304 205 3 1
0x7fffaf206078 0.01839080459770115 206 1 1
0x602050 0.01834862385321101 70 7 1
0x7fffaf20607c 0.018306636155606407 85 7 1
0x7fffaf206078 0.0182648401826484 207 3 1
0x6020bc 0.018223234624145785 1 308 0
19675139260x7fffaf206078 0.01818181818181818 0 0 0
0x7fffaf206078 0.018140589569160998 208 3 1
0x7fffaf206078 0.01809954751131222 209 1 1
0x602050 0.01805869074492099 71 7 1
0x7fffaf20607c 0.018018018018018018 86 7 1
0x7fffaf206078 0.017977528089887642 210 3 1
0x6020c0 0.017937219730941704 1 308 0
13651805400x7fffaf206078 0.017897091722595078 0 0 0
0x7fffaf206078 0.017857142857142856 211 3 1
0x7fffaf206078 0.017817371937639197 212 1 1
0x602050 0.017777777777777778 72 7 1
0x7fffaf20607c 0.017738359201773836 87 7 1
0x7fffaf206078 0.017699115044247787 213 3 1
0x6020c4 0.017660044150110375 1 308 0
15403834260x7fffaf206078 0.019823788546255508 0 0 0
0x7fffaf206078 0.01978021978021978 214 3 1
0x7fffaf206078 0.019736842105263157 215 1 1
0x602050 0.019693654266958426 73 7 1
0x7fffaf20607c 0.019650655021834062 88 7 1
0x7fffaf20607c 0.0196078431372549 89 1 1
0x7fffaf20607c 0.01956521739130435 90 1 1
0x602050 0.019522776572668113 74 4 1
0x7fffaf206078 0.01948051948051948 216 7 1
0x7fffaf206078 0.019438444924406047 217 1 1
0x602050 0.01939655172413793 75 4 1
0x7fffaf20607c 0.01935483870967742 91 6 1
0x7fffaf206078 0.019313304721030045 218 3 1
0x6020d8 0.019271948608137045 1 307 0
3040891720x7fffaf206078 0.019230769230769232 0 0 0
0x7fffaf206078 0.019189765458422176 219 3 1
0x7fffaf206078 0.019148936170212766 220 1 1
0x602050 0.01910828025477707 76 7 1
0x7fffaf20607c 0.019067796610169493 92 7 1
0x7fffaf206078 0.019027484143763214 221 3 1
0x6020dc 0.0189873417721519 1 307 0
13034557360x7fffaf206078 0.018947368421052633 0 0 0
0x7fffaf206078 0.018907563025210083 222 3 1
0x7fffaf206078 0.018867924528301886 223 1 1
0x602050 0.01882845188284519 77 7 1
0x7fffaf20607c 0.018789144050104383 93 7 1
0x7fffaf206078 0.01875 224 3 1
0x6020e0 0.018711018711018712 1 307 0
350052110x7fffaf206078 0.01867219917012448 0 0 0
0x7fffaf206078 0.018633540372670808 225 3 1
0x7fffaf206078 0.01859504132231405 226 1 1
0x602050 0.018556701030927835 78 7 1
0x7fffaf20607c 0.018518518518518517 94 7 1
0x7fffaf206078 0.018480492813141684 227 3 1
0x6020e4 0.018442622950819672 1 307 0
5215953680x7fffaf206078 0.018404907975460124 0 0 0
0x7fffaf206078 0.018367346938775512 228 3 1
0x7fffaf206078 0.018329938900203666 229 1 1
0x602050 0.018292682926829267 79 7 1
0x7fffaf20607c 0.018255578093306288 95 7 1
0x7fffaf206078 0.018218623481781375 230 3 1
0x6020e8 0.01818181818181818 1 307 0
2947025670x7fffaf206078 0.018145161290322582 0 0 0
0x7fffaf206078 0.018108651911468814 231 3 1
0x7fffaf206078 0.018072289156626505 232 1 1
0x602050 0.018036072144288578 80 7 1
0x7fffaf20607c 0.018 96 7 1
0x7fffaf206078 0.017964071856287425 233 3 1
0x6020ec 0.017928286852589643 1 307 0
17269564290x7fffaf206078 0.017892644135188866 0 0 0
0x7fffaf206078 0.017857142857142856 234 3 1
0x7fffaf206078 0.01782178217821782 235 1 1
0x602050 0.017786561264822136 81 7 1
0x7fffaf20607c 0.01775147928994083 97 7 1
0x7fffaf20607c 0.017716535433070866 98 1 1
0x7fffaf20607c 0.01768172888015717 99 1 1
0x602050 0.01764705882352941 82 4 1
0x7fffaf206078 0.01761252446183953 236 7 1
0x7fffaf206078 0.017578125 237 1 1
0x602050 0.017543859649122806 83 4 1
0x7fffaf20607c 0.017509727626459144 100 6 1
0x7fffaf206078 0.017475728155339806 238 3 1
0x602100 0.01744186046511628 1 306 0
3364657820x7fffaf206078 0.017408123791102514 0 0 0
0x7fffaf206078 0.017374517374517374 239 3 1
0x7fffaf206078 0.017341040462427744 240 1 1
0x602050 0.01730769230769231 84 7 1
0x7fffaf20607c 0.01727447216890595 101 7 1
0x7fffaf206078 0.017241379310344827 241 3 1
0x602104 0.017208413001912046 1 306 0
8610215300x7fffaf206078 0.019083969465648856 0 0 0
0x7fffaf206078 0.01904761904761905 242 3 1
0x7fffaf206078 0.019011406844106463 243 1 1
0x602050 0.018975332068311195 85 7 1
0x7fffaf20607c 0.01893939393939394 102 7 1
0x7fffaf206078 0.01890359168241966 244 3 1
0x602108 0.018867924528301886 1 306 0
2787228620x7fffaf206078 0.018832391713747645 0 0 0
0x7fffaf206078 0.018796992481203006 245 3 1
0x7fffaf206078 0.01876172607879925 246 1 1
0x602050 0.018726591760299626 86 7 1
0x7fffaf20607c 0.018691588785046728 103 7 1
0x7fffaf206078 0.018656716417910446 247 3 1
0x60210c 0.0186219739292365 1 306 0
2336651230x7fffaf206078 0.01858736059479554 0 0 0
0x7fffaf206078 0.01855287569573284 248 3 1
0x7fffaf206078 0.018518518518518517 249 1 1
0x602050 0.018484288354898338 87 7 1
0x7fffaf20607c 0.01845018450184502 104 7 1
0x7fffaf206078 0.01841620626151013 250 3 1
0x602110 0.01838235294117647 1 306 0
21451740670x7fffaf206078 0.01834862385321101 0 0 0
0x7fffaf206078 0.018315018315018316 251 3 1
0x7fffaf206078 0.018281535648994516 252 1 1
0x602050 0.01824817518248175 88 7 1
0x7fffaf20607c 0.018214936247723135 105 7 1
0x7fffaf206078 0.01818181818181818 253 3 1
0x602114 0.018148820326678767 1 306 0
4687031350x7fffaf206078 0.018115942028985508 0 0 0
0x7fffaf206078 0.018083182640144666 254 3 1
0x7fffaf206078 0.018050541516245487 255 1 1
0x602050 0.018018018018018018 89 7 1
0x7fffaf20607c 0.017985611510791366 106 7 1
0x7fffaf20607c 0.017953321364452424 107 1 1
0x7fffaf20607c 0.017921146953405017 108 1 1
0x602050 0.017889087656529516 90 4 1
0x7fffaf206078 0.017857142857142856 256 7 1
0x7fffaf206078 0.017825311942959002 257 1 1
0x602050 0.017793594306049824 91 4 1
0x7fffaf20607c 0.017761989342806393 109 6 1
0x7fffaf206078 0.01773049645390071 258 3 1
0x602128 0.017699115044247787 1 305 0
11015139290x7fffaf206078 0.0176678445229682 0 0 0
0x7fffaf206078 0.01763668430335097 259 3 1
0x7fffaf206078 0.017605633802816902 260 1 1
0x602050 0.01757469244288225 92 7 1
0x7fffaf20607c 0.017543859649122806 110 7 1
0x7fffaf206078 0.017513134851138354 261 3 1
0x60212c 0.017482517482517484 1 305 0
18019798020x7fffaf206078 0.017452006980802792 0 0 0
0x7fffaf206078 0.017421602787456445 262 3 1
0x7fffaf206078 0.017391304347826087 263 1 1
0x602050 0.017361111111111112 93 7 1
0x7fffaf20607c 0.01733102253032929 111 7 1
0x7fffaf206078 0.01730103806228374 264 3 1
0x602130 0.017271157167530225 1 305 0
13156340220x7fffaf206078 0.017241379310344827 0 0 0
0x7fffaf206078 0.01721170395869191 265 3 1
0x7fffaf206078 0.01718213058419244 266 1 1
0x602050 0.017152658662092625 94 7 1
0x7fffaf20607c 0.017123287671232876 112 7 1
0x7fffaf206078 0.017094017094017096 267 3 1
0x602134 0.017064846416382253 1 305 0
6357230580x7fffaf206078 0.018739352640545145 0 0 0
0x7fffaf206078 0.01870748299319728 268 3 1
0x7fffaf206078 0.01867572156196944 269 1 1
0x602050 0.01864406779661017 95 7 1
0x7fffaf20607c 0.018612521150592216 113 7 1
0x7fffaf206078 0.018581081081081082 270 3 1
0x602138 0.01854974704890388 1 305 0
13691330690x7fffaf206078 0.018518518518518517 0 0 0
0x7fffaf206078 0.018487394957983194 271 3 1
0x7fffaf206078 0.018456375838926176 272 1 1
0x602050 0.018425460636515914 96 7 1
0x7fffaf20607c 0.01839464882943144 114 7 1
0x7fffaf206078 0.018363939899833055 273 3 1
0x60213c 0.018333333333333333 1 305 0
11258981670x7fffaf206078 0.018302828618968387 0 0 0
0x7fffaf206078 0.018272425249169437 274 3 1
0x7fffaf206078 0.01824212271973466 275 1 0
0x602050 0.018211920529801324 97 7 1
0x7fffaf20607c 0.01818181818181818 115 7 1
0x7fffaf20607c 0.018151815181518153 116 1 1
0x7fffaf20607c 0.018121911037891267 117 1 1
0x602050 0.018092105263157895 98 4 0
0x7fffaf20607c 0.018032786885245903 118 5 1
0x7fffaf20607c 0.01800327332242226 119 1 1
0x6021f0 0.017973856209150325 1 568 0
0x7fffaf20607c 0.01794453507340946 120 2 0
1--->0x7fffaf20607c 0.017915309446254073 0 0 0
0x7fffaf205fec 0.01788617886178862 0 0 1
0x7fffaf205fe4 0.017857142857142856 0 0 0
0x7fffaf205fe0 0.017828200972447326 0 0 0
0x7fffaf205fe8 0.019417475728155338 0 0 1
0x7fffaf205fe8 0.01938610662358643 1 1 1
0x602050 0.01935483870967742 99 14 1
0x7fffaf205fec 0.01932367149758454 1 6 1
0x7fffaf205fe8 0.01929260450160772 2 3 1
0x602060 0.019261637239165328 2 310 0
0x7fffaf205fe8 0.019230769230769232 3 2 1
0x6021f0 0.0192 2 13 0
0x7fffaf205fe8 0.019169329073482427 4 2 1
0x7fffaf205fe8 0.019138755980861243 5 1 1
0x7fffaf205fe8 0.01910828025477707 6 1 1
0x602050 0.019077901430842606 100 9 0
0x7fffaf205fec 0.01904761904761905 2 9 1
0x7fffaf205fe8 0.01901743264659271 7 3 1
0x602064 0.0189873417721519 2 312 1
0x7fffaf205fe8 0.018957345971563982 8 2 1
0x6021f4 0.01892744479495268 1 539 0
0x7fffaf205fec 0.01889763779527559 3 5 1
0x7fffaf205fe8 0.018867924528301886 9 3 1
0x602064 0.018838304552590265 3 5 0
0x7fffaf205fe8 0.018808777429467086 10 2 1
0x7fffaf205fec 0.018779342723004695 4 4 1
0x602088 0.01875 2 277 0
0x7fffaf205fe0 0.0187207488299532 1 24 0
0x7fffaf205fe8 0.018691588785046728 11 4 1
0x7fffaf205fe8 0.01866251944012442 12 1 1
0x7fffaf205fe8 0.018633540372670808 13 1 1
0x602050 0.018604651162790697 101 16 0
0x7fffaf205fec 0.018575851393188854 5 7 1
0x7fffaf205fe8 0.01854714064914992 14 3 1
0x602068 0.018518518518518517 2 321 1
0x7fffaf205fe8 0.01848998459167951 15 2 1
0x6021f8 0.018461538461538463 1 504 0
0x7fffaf205fec 0.018433179723502304 6 5 1
0x7fffaf205fe8 0.018404907975460124 16 3 1
0x602068 0.018376722817764167 3 5 1
0x7fffaf205fe8 0.01834862385321101 17 2 1
0x7fffaf205fec 0.0183206106870229 7 4 1
0x6020b0 0.018292682926829267 2 243 1
0x7fffaf205fe0 0.0182648401826484 2 16 1
0x7fffaf205fe8 0.0182370820668693 18 4 1
0x6020b0 0.018209408194233688 3 3 0
0x7fffaf205fec 0.01818181818181818 8 5 1
0x7fffaf205fe8 0.018154311649016642 19 3 1
0x602068 0.01812688821752266 4 9 1
0x7fffaf205fe0 0.01809954751131222 3 6 0
0x7fffaf205fec 0.018072289156626505 9 4 0
0x7fffaf205fe8 0.01804511278195489 20 4 1
0x602068 0.018018018018018018 5 4 0
0x7fffaf205fdc 0.017991004497751123 0 0 0
0x7fffaf205fe8 0.017964071856287425 21 3 1
0x7fffaf205fe4 0.017937219730941704 1 53 0
0x7fffaf205fe8 0.01791044776119403 22 2 1
0x7fffaf205fe8 0.01788375558867362 23 1 1
0x7fffaf205fe8 0.017857142857142856 24 1 1
0x602050 0.017830609212481426 102 28 0
0x7fffaf205fec 0.017804154302670624 10 10 1
0x7fffaf205fe8 0.017777777777777778 25 3 1
0x60206c 0.01775147928994083 2 342 1
0x7fffaf205fe8 0.01772525849335303 26 2 1
0x6021fc 0.017699115044247787 1 481 0
0x7fffaf205fec 0.017673048600883652 11 5 1
0x7fffaf205fe8 0.01764705882352941 27 3 1
0x60206c 0.01762114537444934 3 5 0
0x7fffaf205fe8 0.017595307917888565 28 2 1
0x7fffaf205fec 0.017569546120058566 12 4 1
0x6020d8 0.017543859649122806 2 221 0
0x7fffaf205fe0 0.017518248175182483 4 22 0
0x7fffaf205fe8 0.01749271137026239 29 4 1
0x7fffaf205fe8 0.017467248908296942 30 1 1
0x7fffaf205fe8 0.01744186046511628 31 1 1
0x602050 0.01741654571843251 103 16 0
0x7fffaf205fec 0.017391304347826087 13 7 1
0x7fffaf205fe8 0.017366136034732273 32 3 1
0x602070 0.017341040462427744 2 351 1
0x7fffaf205fe8 0.017316017316017316 33 2 1
0x602200 0.01729106628242075 1 446 0
0x7fffaf205fec 0.017266187050359712 14 5 1
0x7fffaf205fe8 0.017241379310344827 34 3 1
0x602070 0.01721664275466284 3 5 1
0x7fffaf205fe8 0.017191977077363897 35 2 1
0x7fffaf205fec 0.017167381974248927 15 4 1
0x602100 0.017142857142857144 2 187 1
0x7fffaf205fe0 0.017118402282453638 5 16 1
0x7fffaf205fe8 0.017094017094017096 36 4 1
0x602100 0.017069701280227598 3 3 0
0x7fffaf205fec 0.017045454545454544 16 5 1
0x7fffaf205fe8 0.01702127659574468 37 3 1
0x602070 0.0169971671388102 4 9 1
0x7fffaf205fe0 0.016973125884016973 6 6 0
0x7fffaf205fec 0.01694915254237288 17 4 0
0x7fffaf205fe8 0.01692524682651622 38 4 1
0x602070 0.016901408450704224 5 4 0
0x7fffaf205fdc 0.016877637130801686 1 44 0
0x7fffaf205fe8 0.016853932584269662 39 3 1
0x7fffaf205fe4 0.016830294530154277 2 44 0
0x7fffaf205fe8 0.01680672268907563 40 2 1
0x7fffaf205fe8 0.016783216783216783 41 1 1
0x7fffaf205fe8 0.01675977653631285 42 1 1
0x602050 0.016736401673640166 104 28 0
0x7fffaf205fec 0.016713091922005572 18 10 1
0x7fffaf205fe8 0.016689847009735744 43 3 1
0x602074 0.016666666666666666 2 372 1
0x7fffaf205fe8 0.016643550624133148 44 2 1
0x602204 0.01662049861495845 1 423 0
0x7fffaf205fec 0.016597510373443983 19 5 1
0x7fffaf205fe8 0.016574585635359115 45 3 1
0x602074 0.016551724137931035 3 5 0
0x7fffaf205fe8 0.01652892561983471 46 2 1
0x7fffaf205fec 0.016506189821182942 20 4 0
0x602128 0.016483516483516484 2 165 0
0x7fffaf205fe0 0.01646090534979424 7 22 1
0x7fffaf205fe8 0.01643835616438356 47 4 1
0x7fffaf205fe8 0.016415868673050615 48 1 1
0x7fffaf205fe8 0.01639344262295082 49 1 0
0x602050 0.01637107776261937 105 16 0
0x7fffaf205fe0 0.01634877384196185 8 5 0
0x7fffaf205fdc 0.0163265306122449 2 24 0
0x602044 0.016304347826086956 0 0 1
0x602044 0.016282225237449117 1 1 0
0x7fffaf205fe4 0.016260162601626018 3 25 0
0x7fffaf206074 0.016238159675236806 0 0 1
0x7fffaf206074 0.016216216216216217 1 1 1
0x7fffaf206074 0.016194331983805668 2 1 0
0x7fffaf205fec 0.016172506738544475 21 15 1
0x7fffaf205fec 0.016150740242261104 22 1 1
0x602200 0.016129032258064516 2 50 0
0x7fffaf205fec 0.016107382550335572 23 2 0
5--->0x7fffaf205fec 0.0160857908847185 0 0 0
0x7fffaf205f5c 0.01606425702811245 0 0 1
0x7fffaf205f54 0.016042780748663103 0 0 0
0x7fffaf205f50 0.01602136181575434 0 0 0
0x7fffaf205f58 0.017333333333333333 0 0 1
0x7fffaf205f58 0.017310252996005325 1 1 1
0x602050 0.017287234042553192 106 19 1
0x7fffaf205f5c 0.017264276228419653 1 6 1
0x7fffaf205f58 0.017241379310344827 2 3 1
0x602100 0.017218543046357615 4 52 0
0x7fffaf205f58 0.017195767195767195 3 2 1
0x6021f0 0.017173051519154558 3 132 0
0x7fffaf205f58 0.017150395778364115 4 2 1
0x7fffaf205f58 0.017127799736495388 5 1 1
0x7fffaf205f58 0.017105263157894738 6 1 1
0x602050 0.017082785808147174 107 9 0
0x7fffaf205f5c 0.01706036745406824 2 9 1
0x7fffaf205f58 0.01703800786369594 7 3 1
0x602104 0.017015706806282723 2 244 1
0x7fffaf205f58 0.01699346405228758 8 2 1
0x6021f4 0.016971279373368148 2 132 0
0x7fffaf205f5c 0.01694915254237288 3 5 1
0x7fffaf205f58 0.016927083333333332 9 3 1
0x602104 0.016905071521456438 3 5 0
0x7fffaf205f58 0.016883116883116882 10 2 1
0x7fffaf205f5c 0.016861219195849545 4 4 1
0x602098 0.01683937823834197 2 381 0
0x7fffaf205f50 0.016817593790426907 1 24 0
0x7fffaf205f58 0.016795865633074936 11 4 1
0x7fffaf205f58 0.016774193548387096 12 1 1
0x7fffaf205f58 0.01675257731958763 13 1 1
0x602050 0.01673101673101673 108 16 0
0x7fffaf205f5c 0.016709511568123392 5 7 1
0x7fffaf205f58 0.01668806161745828 14 3 1
0x602108 0.016666666666666666 2 253 1
0x7fffaf205f58 0.016645326504481434 15 2 1
0x6021f8 0.016624040920716114 2 132 0
0x7fffaf205f5c 0.016602809706257982 6 5 1
0x7fffaf205f58 0.016581632653061226 16 3 1
0x602108 0.016560509554140127 3 5 0
0x7fffaf205f58 0.01653944020356234 17 2 1
0x7fffaf205f5c 0.016518424396442185 7 4 1
0x6020c0 0.01649746192893401 2 347 0
0x7fffaf205f50 0.016476552598225603 2 16 0
0x7fffaf205f58 0.016455696202531647 18 4 1
0x7fffaf205f58 0.01643489254108723 19 1 1
0x7fffaf205f58 0.016414141414141416 20 1 1
0x602050 0.01639344262295082 109 16 0
0x7fffaf205f5c 0.0163727959697733 8 7 1
0x7fffaf205f58 0.016352201257861635 21 3 1
0x60210c 0.016331658291457288 2 262 1
0x7fffaf205f58 0.01631116687578419 22 2 1
0x6021fc 0.016290726817042606 2 120 0
0x7fffaf205f5c 0.016270337922403004 9 5 1
0x7fffaf205f58 0.01625 23 3 1
0x60210c 0.016229712858926344 3 5 0
0x7fffaf205f58 0.016209476309226933 24 2 1
0x7fffaf205f5c 0.0161892901618929 10 4 1
0x6020e8 0.01616915422885572 2 313 0
0x7fffaf205f50 0.016149068322981366 3 16 0
0x7fffaf205f58 0.016129032258064516 25 4 1
0x7fffaf205f58 0.0161090458488228 26 1 1
0x7fffaf205f58 0.01608910891089109 27 1 1
0x602050 0.016069221260815822 110 16 1
0x7fffaf205f5c 0.016049382716049384 11 7 1
0x7fffaf205f58 0.016029593094944512 28 3 1
0x602110 0.01600985221674877 2 271 0
0x7fffaf205f58 0.015990159901599015 29 2 1
0x602200 0.01597051597051597 3 70 0
0x7fffaf205f58 0.015950920245398775 30 2 1
0x7fffaf205f58 0.015931372549019607 31 1 1
0x7fffaf205f58 0.01591187270501836 32 1 1
0x602050 0.01589242053789731 111 9 0
0x7fffaf205f5c 0.015873015873015872 12 9 1
0x7fffaf205f58 0.015853658536585366 33 3 1
0x602114 0.015834348355663823 2 273 1
0x7fffaf205f58 0.015815085158150853 34 2 1
0x602204 0.015795868772782502 2 101 0
0x7fffaf205f5c 0.015776699029126214 13 5 1
0x7fffaf205f58 0.01575757575757576 35 3 1
0x602114 0.015738498789346248 3 5 0
0x7fffaf205f58 0.015719467956469165 36 2 1
0x7fffaf205f5c 0.01570048309178744 14 4 0
0x602138 0.015681544028950542 2 238 0
0x7fffaf205f50 0.01566265060240964 4 25 1
0x7fffaf205f58 0.015643802647412757 37 4 1
0x7fffaf205f58 0.015625 38 1 1
0x7fffaf205f58 0.015606242496998799 39 1 0
0x602050 0.015587529976019185 112 16 0
0x7fffaf205f50 0.015568862275449102 5 5 0
0x7fffaf205f54 0.01555023923444976 1 88 0
0x7fffaf205fe4 0.015531660692951015 4 99 1
0x7fffaf205fe4 0.015513126491646777 5 1 1
0x7fffaf205fe4 0.015494636471990465 6 1 1
0x7fffaf205fe4 0.015476190476190477 7 1 1
10x7fffaf205fec 0.015457788347205707 0 0 0
0x7fffaf205fe4 0.015439429928741092 8 2 0
0x602100 0.01542111506524318 5 88 0
0x602044 0.015402843601895734 2 107 1
0x602044 0.015384615384615385 3 1 1
0x602044 0.015366430260047281 4 1 0
