0x7fffaf2060ac 0.007669616519174041 0 0 1
0x602050 0.0076650943396226415 0 0 1
0x7fffaf20607c 0.0076605774896876845 0 0 1
0x7fffaf20607c 0.0076560659599528855 1 1 1
0x602050 0.007651559741024131 1 3 1
0x7fffaf206078 0.007647058823529412 0 0 1
0x7fffaf206078 0.007642563198118754 1 1 1
0x602050 0.00763807285546416 2 3 1
0x7fffaf20607c 0.007633587786259542 2 5 1
0x7fffaf206078 0.007629107981220657 2 3 1
0x602060 0.007624633431085044 0 0 1
0x7fffaf206078 0.0076201641266119575 3 2 1
0x7fffaf206078 0.007615700058582308 4 1 1
0x7fffaf206078 0.007611241217798595 5 1 1
0x602050 0.0076067875950848445 3 7 1
0x7fffaf20607c 0.00760233918128655 3 7 1
0x7fffaf206078 0.007597895967270602 6 3 1
0x602064 0.007593457943925234 0 0 1
0x7fffaf206078 0.007589025102159953 7 2 1
0x7fffaf206078 0.007584597432905484 8 1 1
0x7fffaf206078 0.007580174927113703 9 1 1
0x602050 0.007575757575757576 4 7 1
0x7fffaf20607c 0.007571345369831101 4 7 1
0x7fffaf206078 0.007566938300349243 10 3 1
0x602068 0.0075625363583478765 0 0 1
0x7fffaf206078 0.007558139534883721 11 2 1
0x7fffaf206078 0.007553747821034283 12 1 1
0x7fffaf206078 0.007549361207897794 13 1 1
0x602050 0.0075449796865931515 5 7 1
0x7fffaf20607c 0.0075406032482598605 5 7 1
0x7fffaf206078 0.007536231884057971 14 3 1
0x60206c 0.007531865585168019 0 0 1
0x7fffaf206078 0.007527504342790967 15 2 1
0x7fffaf206078 0.007523148148148148 16 1 1
0x7fffaf206078 0.007518796992481203 17 1 1
0x602050 0.007514450867052023 6 7 1
0x7fffaf20607c 0.007510109763142692 6 7 1
0x7fffaf206078 0.007505773672055427 18 3 1
0x602070 0.0075014425851125215 0 0 1
0x7fffaf206078 0.007497116493656286 19 2 1
0x7fffaf206078 0.007492795389048991 20 1 1
0x7fffaf206078 0.007488479262672811 21 1 1
0x602050 0.007484168105929764 7 7 1
0x7fffaf20607c 0.007479861910241657 7 7 1
0x7fffaf206078 0.007475560667050029 22 3 1
0x602074 0.007471264367816092 0 0 1
0x7fffaf206078 0.007466973004020678 23 2 1
0x7fffaf206078 0.007462686567164179 24 1 1
0x7fffaf206078 0.007458405048766495 25 1 1
0x602050 0.007454128440366973 8 7 1
0x7fffaf20607c 0.007449856733524355 8 7 1
0x6021f0 0.0074455899198167235 0 0 1
0x7fffaf20607c 0.007441327990841442 9 2 1
0x7fffaf20607c 0.007437070938215103 10 1 1
0x7fffaf20607c 0.007432818753573471 11 1 1
0x602050 0.0074285714285714285 9 6 1
0x7fffaf206078 0.0074243289548829245 26 8 1
0x7fffaf206078 0.007420091324200913 27 1 1
0x602050 0.007415858528237307 10 3 1
0x7fffaf20607c 0.007411630558722919 12 5 1
0x7fffaf206078 0.007407407407407408 28 3 1
0x602088 0.007403189066059226 0 0 1
0x7fffaf206078 0.007398975526465566 29 2 1
0x7fffaf206078 0.00739476678043231 30 1 1
0x7fffaf206078 0.007390562819783968 31 1 1
0x602050 0.007386363636363636 11 7 1
0x7fffaf20607c 0.0073821692220329355 13 7 1
0x7fffaf206078 0.0073779795686719635 32 3 1
0x60208c 0.00737379466817924 0 0 1
0x7fffaf206078 0.007369614512471655 33 2 1
0x7fffaf206078 0.0073654390934844195 34 1 1
0x7fffaf206078 0.007361268403171008 35 1 1
0x602050 0.007357102433503113 12 7 1
0x7fffaf20607c 0.007352941176470588 14 7 1
0x7fffaf206078 0.007348784624081402 36 3 1
0x602090 0.007344632768361582 0 0 1
0x7fffaf206078 0.007340485601355167 37 2 1
0x7fffaf206078 0.007336343115124154 38 1 1
0x7fffaf206078 0.007332205301748449 39 1 1
0x602050 0.007328072153325817 13 7 1
0x7fffaf20607c 0.007323943661971831 15 7 1
0x7fffaf206078 0.00731981981981982 40 3 1
0x602094 0.007315700619020821 0 0 1
0x7fffaf206078 0.007311586051743532 41 2 1
0x7fffaf206078 0.007307476110174255 42 1 1
0x7fffaf206078 0.007303370786516854 43 1 1
0x602050 0.0072992700729927005 14 7 1
0x7fffaf20607c 0.007295173961840628 16 7 1
0x7fffaf206078 0.007291082445316881 44 3 1
0x602098 0.0072869955156950675 0 0 1
0x7fffaf206078 0.007282913165266107 45 2 1
0x7fffaf206078 0.007278835386338186 46 1 1
0x7fffaf206078 0.007274762171236709 47 1 1
0x602050 0.00727069351230425 15 7 1
0x7fffaf20607c 0.0072666294019005035 17 7 1
0x7fffaf206078 0.007262569832402235 48 3 1
0x60209c 0.0072585147962032385 0 0 1
0x7fffaf206078 0.007254464285714286 49 2 1
0x7fffaf206078 0.007250418293363078 50 1 1
0x7fffaf206078 0.007246376811594203 51 1 1
0x602050 0.0072423398328690805 16 7 1
0x7fffaf20607c 0.007238307349665924 18 7 1
0x6021f4 0.007234279354479688 0 0 1
0x7fffaf20607c 0.007230255839822024 19 2 1
0x7fffaf20607c 0.007226236798221234 20 1 1
0x7fffaf20607c 0.007222222222222222 21 1 1
0x602050 0.007218212104386452 17 6 1
0x7fffaf206078 0.007214206437291898 52 8 1
0x7fffaf206078 0.007210205213533 53 1 1
0x602050 0.007206208425720621 18 3 1
0x7fffaf20607c 0.007202216066481994 22 5 1
0x7fffaf206078 0.007198228128460687 54 3 1
0x6020b0 0.007194244604316547 0 0 1
0x7fffaf206078 0.007190265486725664 55 2 1
0x7fffaf206078 0.007186290768380321 56 1 1
0x7fffaf206078 0.0071823204419889505 57 1 1
0x602050 0.00717835450027609 19 7 1
0x7fffaf20607c 0.00717439293598234 23 7 1
0x7fffaf206078 0.007170435741864313 58 3 1
0x6020b4 0.007166482910694598 0 0 1
0x7fffaf206078 0.007162534435261708 59 2 1
0x7fffaf206078 0.007158590308370044 60 1 1
0x7fffaf206078 0.007154650522839846 61 1 1
0x602050 0.007150715071507151 20 7 1
0x7fffaf20607c 0.007146783947223749 24 7 1
0x7fffaf206078 0.007142857142857143 62 3 1
0x6020b8 0.007138934651290499 0 0 1
0x7fffaf206078 0.007135016465422613 63 2 1
0x7fffaf206078 0.007131102578167855 64 1 1
0x7fffaf206078 0.00712719298245614 65 1 1
0x602050 0.007123287671232876 21 7 1
0x7fffaf20607c 0.007119386637458927 25 7 1
0x7fffaf206078 0.0071154898741105635 66 3 1
0x6020bc 0.007111597374179431 0 0 1
0x7fffaf206078 0.007107709130672498 67 2 1
0x7fffaf206078 0.007103825136612022 68 1 1
0x7fffaf206078 0.0070999453850355 69 1 1
0x602050 0.007096069868995633 22 7 1
0x7fffaf20607c 0.0070921985815602835 26 7 1
0x7fffaf206078 0.007088331515812432 70 3 1
0x6020c0 0.007084468664850136 0 0 1
0x7fffaf206078 0.007080610021786492 71 2 1
0x7fffaf206078 0.007076755579749592 72 1 1
0x7fffaf206078 0.007072905331882481 73 1 1
0x602050 0.0070690592713431215 23 7 1
0x7fffaf20607c 0.007065217391304348 27 7 1
0x7fffaf206078 0.007061379684953829 74 3 1
0x6020c4 0.007057546145494028 0 0 1
0x7fffaf206078 0.00705371676614216 75 2 1
0x7fffaf206078 0.0070498915401301515 76 1 1
0x7fffaf206078 0.007046070460704607 77 1 1
0x602050 0.007042253521126761 24 7 1
0x7fffaf20607c 0.007038440714672442 28 7 1
0x6021f8 0.007034632034632035 0 0 1
0x7fffaf20607c 0.007030827474310438 29 2 1
0x7fffaf20607c 0.007027027027027027 30 1 1
0x7fffaf20607c 0.007023230686115613 31 1 1
0x602050 0.007019438444924406 25 6 1
0x7fffaf206078 0.007015650296815974 78 8 1
0x7fffaf206078 0.007011866235167206 79 1 1
0x602050 0.007008086253369272 26 3 1
0x7fffaf20607c 0.007004310344827586 32 5 1
0x7fffaf206078 0.007000538502961767 80 3 1
0x6020d8 0.006996770721205597 0 0 1
0x7fffaf206078 0.006993006993006993 81 2 1
0x7fffaf206078 0.006989247311827957 82 1 1
0x7fffaf206078 0.006985491671144546 83 1 1
0x602050 0.006981740064446832 27 7 1
0x7fffaf20607c 0.006977992485238862 33 7 1
0x7fffaf206078 0.006974248927038627 84 3 1
0x6020dc 0.006970509383378016 0 0 1
0x7fffaf206078 0.006966773847802787 85 2 1
0x7fffaf206078 0.006963042313872523 86 1 1
0x7fffaf206078 0.006959314775160599 87 1 1
0x602050 0.006955591225254147 28 7 1
0x7fffaf20607c 0.006951871657754011 34 7 1
0x7fffaf206078 0.00694815606627472 88 3 1
0x6020e0 0.006944444444444444 0 0 1
0x7fffaf206078 0.0069407367859049655 89 2 1
0x7fffaf206078 0.006937033084311633 90 1 1
0x7fffaf206078 0.006933333333333333 91 1 1
0x602050 0.006929637526652452 29 7 1
0x7fffaf20607c 0.006925945657964837 35 7 1
0x7fffaf206078 0.006922257720979766 92 3 1
0x6020e4 0.006918573709419904 0 0 1
0x7fffaf206078 0.006914893617021276 93 2 1
0x7fffaf206078 0.006911217437533227 94 1 1
0x7fffaf206078 0.006907545164718385 95 1 1
0x602050 0.006903876792352629 30 7 1
0x7fffaf20607c 0.006900212314225053 36 7 1
0x7fffaf206078 0.006896551724137931 96 3 1
0x6020e8 0.006892895015906681 0 0 1
0x7fffaf206078 0.00688924218335983 97 2 1
0x7fffaf206078 0.006885593220338983 98 1 1
0x7fffaf206078 0.006881948120698782 99 1 1
0x602050 0.0068783068783068784 31 7 1
0x7fffaf20607c 0.006874669487043892 37 7 1
0x7fffaf206078 0.006871035940803382 100 3 1
0x6020ec 0.006867406233491812 0 0 1
0x7fffaf206078 0.006863780359028511 101 2 1
0x7fffaf206078 0.006860158311345646 102 1 1
0x7fffaf206078 0.006856540084388186 103 1 1
0x602050 0.006852925672113864 32 7 1
0x7fffaf20607c 0.00684931506849315 38 7 1
0x6021fc 0.006845708267509215 0 0 1
0x7fffaf20607c 0.006842105263157895 39 2 1
0x7fffaf20607c 0.006838506049447659 40 1 1
0x7fffaf20607c 0.006834910620399579 41 1 1
0x602050 0.006831318970047294 33 6 1
0x7fffaf206078 0.006827731092436975 104 8 1
0x7fffaf206078 0.0068241469816272965 105 1 1
0x602050 0.006820566631689402 34 3 1
0x7fffaf20607c 0.0068169900367068695 42 5 1
0x7fffaf206078 0.006813417190775681 106 3 1
0x602100 0.006809848088004191 0 0 1
0x7fffaf206078 0.006806282722513089 107 2 1
0x7fffaf206078 0.006802721088435374 108 1 1
0x7fffaf206078 0.006799163179916318 109 1 1
0x602050 0.006795608991113434 35 7 1
0x7fffaf20607c 0.006792058516196447 43 7 1
0x7fffaf206078 0.006788511749347258 110 3 1
0x602104 0.006784968684759917 0 0 1
0x7fffaf206078 0.006781429316640584 111 2 1
0x7fffaf206078 0.006777893639207508 112 1 1
0x7fffaf206078 0.006774361646690985 113 1 1
0x602050 0.0067708333333333336 36 7 1
0x7fffaf20607c 0.00676730869338886 44 7 1
0x7fffaf206078 0.006763787721123829 114 3 1
0x602108 0.006760270410816433 0 0 1
0x7fffaf206078 0.006756756756756757 115 2 1
0x7fffaf206078 0.006753246753246753 116 1 1
0x7fffaf206078 0.006749740394600207 117 1 1
0x602050 0.006746237675142709 37 7 1
0x7fffaf20607c 0.006742738589211619 45 7 1
0x7fffaf206078 0.00673924313115604 118 3 1
0x60210c 0.006735751295336788 0 0 1
0x7fffaf206078 0.006732263076126359 119 2 1
0x7fffaf206078 0.006728778467908903 120 1 1
0x7fffaf206078 0.006725297465080186 121 1 1
0x602050 0.00672182006204757 38 7 1
0x7fffaf20607c 0.006718346253229974 46 7 1
0x7fffaf206078 0.006714876033057851 122 3 1
0x602110 0.006711409395973154 0 0 1
0x7fffaf206078 0.006707946336429308 123 2 1
0x7fffaf206078 0.006704486848891181 124 1 1
0x7fffaf206078 0.006701030927835051 125 1 1
0x602050 0.006697578567748583 39 7 1
0x7fffaf20607c 0.006694129763130793 47 7 1
0x7fffaf206078 0.0066906845084920225 126 3 1
0x602114 0.006687242798353909 0 0 1
0x7fffaf206078 0.006683804627249357 127 2 1
0x7fffaf206078 0.006680369989722507 128 1 1
0x7fffaf206078 0.00667693888032871 129 1 1
0x602050 0.006673511293634497 40 7 1
0x7fffaf20607c 0.006670087224217547 48 7 1
0x602200 0.006666666666666667 0 0 1
0x7fffaf20607c 0.006663249615581753 49 2 1
0x7fffaf20607c 0.00665983606557377 50 1 1
0x7fffaf20607c 0.006656426011264721 51 1 1
0x602050 0.006653019447287615 41 6 1
0x7fffaf206078 0.006649616368286445 130 8 1
0x7fffaf206078 0.0066462167689161555 131 1 1
0x602050 0.006642820643842616 42 3 1
0x7fffaf20607c 0.006639427987742594 52 5 1
0x7fffaf206078 0.006636038795303726 132 3 1
0x602128 0.0066326530612244895 0 0 1
0x7fffaf206078 0.006629270780214177 133 2 1
0x7fffaf206078 0.006625891946992864 134 1 1
0x7fffaf206078 0.006622516556291391 135 1 1
0x602050 0.006619144602851324 43 7 1
0x7fffaf20607c 0.0066157760814249365 53 7 1
0x7fffaf206078 0.006612410986775178 136 3 1
0x60212c 0.0066090493136756485 0 0 1
0x7fffaf206078 0.0066056910569105695 137 2 1
0x7fffaf206078 0.006602336211274758 138 1 1
0x7fffaf206078 0.006598984771573604 139 1 1
0x602050 0.006595636732623034 44 7 1
0x7fffaf20607c 0.006592292089249493 54 7 1
0x7fffaf206078 0.006588950836289914 140 3 1
0x602130 0.006585612968591692 0 0 1
0x7fffaf206078 0.006582278481012658 141 2 1
0x7fffaf206078 0.006578947368421052 142 1 1
0x7fffaf206078 0.0065756196256954984 143 1 1
0x602050 0.006572295247724975 45 7 1
0x7fffaf20607c 0.006568974229408792 55 7 1
0x7fffaf206078 0.0065656565656565654 144 3 1
0x602134 0.006562342251388188 0 0 1
0x7fffaf206078 0.006559031281533804 145 2 1
0x7fffaf206078 0.006555723651033787 146 1 1
0x7fffaf206078 0.00655241935483871 147 1 1
0x602050 0.00654911838790932 46 7 1
0x7fffaf20607c 0.006545820745216516 56 7 1
0x7fffaf206078 0.006542526421741319 148 3 1
0x602138 0.006539235412474849 0 0 1
0x7fffaf206078 0.006535947712418301 149 2 1
0x7fffaf206078 0.006532663316582915 150 1 1
0x7fffaf206078 0.0065293822199899544 151 1 1
0x602050 0.006526104417670682 47 7 1
0x7fffaf20607c 0.006522829904666332 57 7 1
0x7fffaf206078 0.006519558676028084 152 3 1
0x60213c 0.006516290726817042 0 0 1
0x7fffaf206078 0.006513026052104208 153 2 1
0x7fffaf206078 0.006509764646970456 154 1 1
0x7fffaf206078 0.0065065065065065065 155 1 1
0x602050 0.0065032516258129065 48 7 1
0x7fffaf20607c 0.0065 58 7 1
0x602204 0.006496751624187906 0 0 1
0x7fffaf20607c 0.006493506493506494 59 2 1
0x7fffaf20607c 0.006490264603095357 60 1 1
0x7fffaf20607c 0.006487025948103792 61 1 1
0x602050 0.006483790523690773 49 6 1
0x7fffaf20607c 0.006480558325024925 62 2 1
0x7fffaf20607c 0.0064773293472845045 63 1 1
0x602050 0.006474103585657371 50 3 1
0x7fffaf206078 0.006470881035340966 156 12 1
0x7fffaf206078 0.006467661691542288 157 1 1
0x602050 0.006464445549477871 51 4 1
0x7fffaf20607c 0.0064612326043737576 64 6 1
0x7fffaf206078 0.006458022851465474 158 3 1
0x602060 0.006454816285998014 1 310 1
18042893830x7fffaf206078 0.0064516129032258064 0 0 1
0x7fffaf206078 0.006448412698412698 159 3 1
0x7fffaf206078 0.006445215666831929 160 1 1
0x602050 0.006442021803766105 52 7 1
0x7fffaf20607c 0.0064388311045071814 65 7 1
0x7fffaf206078 0.006435643564356435 161 3 1
0x602064 0.006432459178624443 1 310 1
8469308860x7fffaf206078 0.006429277942631058 0 0 1
0x7fffaf206078 0.006426099851705388 162 3 1
0x7fffaf206078 0.006422924901185771 163 1 1
0x602050 0.006419753086419753 53 7 1
0x7fffaf20607c 0.006416584402764067 66 7 1
0x7fffaf206078 0.006413418845584608 164 3 1
0x602068 0.00641025641025641 1 310 1
16816927770x7fffaf206078 0.006407097092163627 0 0 1
0x7fffaf206078 0.0064039408866995075 165 3 1
0x7fffaf206078 0.006400787789266372 166 1 1
0x602050 0.0063976377952755905 54 7 1
0x7fffaf20607c 0.006394490900147565 67 7 1
0x7fffaf206078 0.006391347099311701 167 3 1
0x60206c 0.0063882063882063885 1 310 1
17146369150x7fffaf206078 0.0063850687622789785 0 0 1
0x7fffaf206078 0.006381934216985763 168 3 1
0x7fffaf206078 0.006378802747791953 169 1 1
0x602050 0.0063756743501716525 55 7 1
0x7fffaf20607c 0.006372549019607843 68 7 1
0x7fffaf206078 0.006369426751592357 170 3 1
0x602070 0.006366307541625857 1 310 1
19577477930x7fffaf206078 0.006363191385217817 0 0 1
0x7fffaf206078 0.006360078277886497 171 3 1
0x7fffaf206078 0.006356968215158924 172 1 1
0x602050 0.00635386119257087 56 7 1
0x7fffaf20607c 0.006350757205666829 69 7 1
0x7fffaf206078 0.00634765625 173 3 1
0x602074 0.00634455832113226 1 310 1
4242383350x7fffaf206078 0.006341463414634147 0 0 1
0x7fffaf206078 0.006338371526084837 174 3 1
0x7fffaf206078 0.006335282651072124 175 1 1
0x602050 0.0063321967851924016 57 7 1
0x7fffaf20607c 0.006329113924050633 70 7 1
0x7fffaf20607c 0.006326034063260341 71 1 1
0x7fffaf20607c 0.00632295719844358 72 1 1
0x602050 0.006319883325230919 58 4 1
0x7fffaf206078 0.006316812439261419 176 7 1
0x7fffaf206078 0.006313744536182613 177 1 1
0x602050 0.006310679611650485 59 4 1
0x7fffaf20607c 0.006307617661329452 73 6 1
0x7fffaf206078 0.006304558680892337 178 3 1
0x602088 0.006301502666020358 1 309 1
7198853860x7fffaf206078 0.006298449612403101 0 0 1
0x7fffaf206078 0.006295399515738499 179 3 1
0x7fffaf206078 0.0062923523717328175 180 1 1
0x602050 0.006289308176100629 60 7 1
0x7fffaf20607c 0.006286266924564797 74 7 1
0x7fffaf206078 0.006283228612856452 181 3 1
0x60208c 0.006280193236714976 1 309 1
16497604920x7fffaf206078 0.006277160791887977 0 0 1
0x7fffaf206078 0.006274131274131274 182 3 1
0x7fffaf206078 0.006271104679208876 183 1 1
0x602050 0.00626808100289296 61 7 1
0x7fffaf20607c 0.006265060240963855 75 7 1
0x7fffaf206078 0.006262042389210019 184 3 1
0x602090 0.006259027443428021 1 309 1
5965166490x7fffaf206078 0.006256015399422521 0 0 1
0x7fffaf206078 0.006253006253006253 185 3 1
0x7fffaf206078 0.00625 186 1 1
0x602050 0.006246996636232581 62 7 1
0x7fffaf20607c 0.006243996157540826 76 7 1
0x7fffaf206078 0.006240998559769563 187 3 1
0x602094 0.006238003838771593 1 309 1
11896414210x7fffaf206078 0.006235011990407674 0 0 1
0x7fffaf206078 0.006232023010546501 188 3 1
0x7fffaf206078 0.006229036895064686 189 1 1
0x602050 0.006226053639846743 63 7 1
0x7fffaf20607c 0.006223073240785065 77 7 1
0x7fffaf206078 0.006220095693779904 190 3 1
0x602098 0.006217120994739359 1 309 1
10252023620x7fffaf206078 0.00621414913957935 0 0 0
0x7fffaf206078 0.006211180124223602 191 3 0
0x7fffaf206078 0.0062082139446036294 192 1 0
0x602050 0.006205250596658711 64 7 0
0x7fffaf20607c 0.006202290076335878 78 7 0
0x7fffaf206078 0.00619933237958989 193 3 0
0x60209c 0.006196377502383222 1 309 0
13504900270x7fffaf206078 0.006193425440686041 0 0 0
0x7fffaf206078 0.006190476190476191 194 3 0
0x7fffaf206078 0.006187529747739172 195 1 0
0x602050 0.006184586108468126 65 7 0
0x7fffaf20607c 0.006181645268663814 79 7 0
0x7fffaf20607c 0.006178707224334601 80 1 0
0x7fffaf20607c 0.006175771971496437 81 1 0
0x602050 0.006172839506172839 66 4 0
0x7fffaf206078 0.006169909824394874 196 7 0
0x7fffaf206078 0.006166982922201139 197 1 0
0x602050 0.006164058795637743 67 4 0
0x7fffaf20607c 0.006161137440758294 82 6 0
0x7fffaf206078 0.006158218853623875 198 3 0
0x6020b0 0.00615530303030303 1 308 0
7833686900x7fffaf206078 0.006152389966871746 0 0 0
0x7fffaf206078 0.006149479659413435 199 3 0
0x7fffaf206078 0.006146572104018913 200 1 0
0x602050 0.006143667296786389 68 7 0
0x7fffaf20607c 0.006140765233821445 83 7 0
0x7fffaf206078 0.006137865911237016 201 3 0
0x6020b4 0.006134969325153374 1 308 0
11025200590x7fffaf206078 0.006132075471698114 0 0 0
0x7fffaf206078 0.006129184347006129 202 3 0
0x7fffaf206078 0.006126295947219604 203 1 0
0x602050 0.006123410268487989 69 7 0
0x7fffaf20607c 0.006120527306967985 84 7 0
0x7fffaf206078 0.00611764705882353 204 3 0
0x6020b8 0.0061147695202257765 1 308 0
20448977630x7fffaf206078 0.0061118946873530795 0 0 0
0x7fffaf206078 0.006109022556390977 205 3 0
0x7fffaf206078 0.0061061531235321745 206 1 0
0x602050 0.006103286384976526 70 7 0
0x7fffaf20607c 0.006100422336931018 85 7 0
0x7fffaf206078 0.006097560975609756 207 3 0
0x6020bc 0.006094702297233943 1 308 0
19675139260x7fffaf206078 0.006091846298031865 0 0 0
0x7fffaf206078 0.006088992974238876 208 3 0
0x7fffaf206078 0.006086142322097378 209 1 0
0x602050 0.006083294337856809 71 7 0
0x7fffaf20607c 0.00608044901777362 86 7 0
0x7fffaf206078 0.006077606358111267 210 3 0
0x6020c0 0.006074766355140187 1 308 0
13651805400x7fffaf206078 0.006071929005137786 0 0 0
0x7fffaf206078 0.006069094304388422 211 3 0
0x7fffaf206078 0.006066262249183388 212 1 0
0x602050 0.006063432835820896 72 7 0
0x7fffaf20607c 0.006060606060606061 87 7 0
0x7fffaf206078 0.0060577819198508855 213 3 0
0x6020c4 0.006054960409874243 1 308 0
15403834260x7fffaf206078 0.006052141527001862 0 0 0
0x7fffaf206078 0.00604932526756631 214 3 0
0x7fffaf206078 0.0060465116279069765 215 1 0
0x602050 0.00604370060437006 73 7 0
0x7fffaf20607c 0.0060408921933085506 88 7 0
0x7fffaf20607c 0.006038086391082211 89 1 0
0x7fffaf20607c 0.0060352831940575676 90 1 0
0x602050 0.0060324825986078886 74 4 0
0x7fffaf206078 0.006029684601113173 216 7 0
0x7fffaf206078 0.00602688919796013 217 1 0
0x602050 0.006024096385542169 75 4 0
0x7fffaf20607c 0.006021306160259379 91 6 0
0x7fffaf206078 0.0060185185185185185 218 3 0
0x6020d8 0.006015733456732994 1 307 0
3040891720x7fffaf206078 0.006012950971322849 0 0 0
0x7fffaf206078 0.006010171058714748 219 3 0
0x7fffaf206078 0.006007393715341959 220 1 0
0x602050 0.006004618937644342 76 7 0
0x7fffaf20607c 0.006001846722068329 92 7 0
0x7fffaf206078 0.005999077065066913 221 3 0
0x6020dc 0.005996309963099631 1 307 0
13034557360x7fffaf206078 0.00599354541263255 0 0 0
0x7fffaf206078 0.005990783410138249 222 3 0
0x7fffaf206078 0.005988023952095809 223 1 0
0x602050 0.005985267034990792 77 7 0
0x7fffaf20607c 0.005982512655315232 93 7 0
0x7fffaf206078 0.005979760809567618 224 3 0
0x6020e0 0.005977011494252874 1 307 0
350052110x7fffaf206078 0.0059742647058823525 0 0 0
0x7fffaf206078 0.0059715204409738175 225 3 0
0x7fffaf206078 0.005968778696051423 226 1 0
0x602050 0.005966039467645709 78 7 0
0x7fffaf20607c 0.005963302752293578 94 7 0
0x7fffaf206078 0.005960568546538285 227 3 0
0x6020e4 0.005957836846929423 1 307 0
5215953680x7fffaf206078 0.005955107650022904 0 0 0
0x7fffaf206078 0.005952380952380952 228 3 0
0x7fffaf206078 0.005949656750572082 229 1 0
0x602050 0.005946935041171089 79 7 0
0x7fffaf20607c 0.00594421582075903 95 7 0
0x7fffaf206078 0.005941499085923218 230 3 0
0x6020e8 0.005938784833257195 1 307 0
2947025670x7fffaf206078 0.005936073059360731 0 0 0
0x7fffaf206078 0.005933363760839799 231 3 0
0x7fffaf206078 0.005930656934306569 232 1 0
0x602050 0.005927952576379389 80 7 0
0x7fffaf20607c 0.005925250683682771 96 7 0
0x7fffaf206078 0.00592255125284738 233 3 0
0x6020ec 0.005919854280510018 1 307 0
17269564290x7fffaf206078 0.005917159763313609 0 0 0
0x7fffaf206078 0.005914467697907188 234 3 0
0x7fffaf206078 0.005911778080945885 235 1 0
0x602050 0.005909090909090909 81 7 0
0x7fffaf20607c 0.005906406179009541 97 7 0
0x7fffaf20607c 0.005903723887375113 98 1 0
0x7fffaf20607c 0.005901044030866999 99 1 0
0x602050 0.005898366606170599 82 4 0
0x7fffaf206078 0.0058956916099773245 236 7 0
0x7fffaf206078 0.0058930190389845875 237 1 0
0x602050 0.0058903488898957865 83 4 0
0x7fffaf20607c 0.00588768115942029 100 6 0
0x7fffaf206078 0.005885015844273427 238 3 0
0x602100 0.0058823529411764705 1 306 0
3364657820x7fffaf206078 0.005879692446856626 0 0 0
0x7fffaf206078 0.005877034358047016 239 3 0
0x7fffaf206078 0.00587437867148667 240 1 0
0x602050 0.005871725383920506 84 7 0
0x7fffaf20607c 0.005869074492099322 101 7 0
0x7fffaf206078 0.0058664259927797835 241 3 0
0x602104 0.005863779882724403 1 306 0
8610215300x7fffaf206078 0.005861136158701533 0 0 0
0x7fffaf206078 0.005858494817485353 242 3 0
0x7fffaf206078 0.005855855855855856 243 1 0
0x602050 0.00585321927059883 85 7 0
0x7fffaf20607c 0.0058505850585058505 102 7 0
0x7fffaf206078 0.005847953216374269 244 3 0
0x602108 0.005845323741007194 1 306 0
2787228620x7fffaf206078 0.005842696629213483 0 0 0
0x7fffaf206078 0.005840071877807727 245 3 0
0x7fffaf206078 0.0058374494836102376 246 1 0
0x602050 0.0058348294434470375 86 7 0
0x7fffaf20607c 0.005832211754149843 103 7 0
0x7fffaf206078 0.005829596412556054 247 3 0
0x60210c 0.00582698341550874 1 306 0
2336651230x7fffaf206078 0.005824372759856631 0 0 0
0x7fffaf206078 0.005821764442454098 248 3 0
0x7fffaf206078 0.005819158460161146 249 1 0
0x602050 0.0058165548098434005 87 7 0
0x7fffaf20607c 0.005813953488372093 104 7 0
0x7fffaf206078 0.00581135449262405 250 3 0
0x602110 0.00580875781948168 1 306 0
21451740670x7fffaf206078 0.005806163465832961 0 0 0
0x7fffaf206078 0.005803571428571429 251 3 0
0x7fffaf206078 0.005800981704596163 252 1 0
0x602050 0.005798394290811775 88 7 0
0x7fffaf20607c 0.0057958091841284 105 7 0
0x7fffaf206078 0.005793226381461676 253 3 0
0x602114 0.005790645879732739 1 306 0
4687031350x7fffaf206078 0.00578806767586821 0 0 0
0x7fffaf206078 0.005785491766800178 254 3 0
0x7fffaf206078 0.005782918149466192 255 1 0
0x602050 0.005780346820809248 89 7 0
0x7fffaf20607c 0.0057777777777777775 106 7 0
0x7fffaf20607c 0.005775211017325633 107 1 0
0x7fffaf20607c 0.005772646536412078 108 1 0
0x602050 0.005770084332001775 90 4 0
0x7fffaf206078 0.005767524401064774 256 7 0
0x7fffaf206078 0.005764966740576497 257 1 0
0x602050 0.00576241134751773 91 4 0
0x7fffaf20607c 0.0057598582188746125 109 6 0
0x7fffaf206078 0.005757307351638618 258 3 0
0x602128 0.005754758742806552 1 305 0
11015139290x7fffaf206078 0.005752212389380531 0 0 0
0x7fffaf206078 0.005749668288367979 259 3 0
0x7fffaf206078 0.005747126436781609 260 1 0
0x602050 0.0057445868316394165 92 7 0
0x7fffaf20607c 0.005742049469964664 110 7 0
0x7fffaf206078 0.005739514348785872 261 3 0
0x60212c 0.005736981465136805 1 305 0
18019798020x7fffaf206078 0.005734450816056462 0 0 0
0x7fffaf206078 0.005731922398589065 262 3 0
0x7fffaf206078 0.0057293962097840455 263 1 0
0x602050 0.005726872246696035 93 7 0
0x7fffaf20607c 0.005724350506384853 111 7 0
0x7fffaf206078 0.005721830985915493 264 3 0
0x602130 0.005719313682358117 1 305 0
13156340220x7fffaf206078 0.005716798592788039 0 0 0
0x7fffaf206078 0.005714285714285714 265 3 0
0x7fffaf206078 0.0057117750439367315 266 1 0
0x602050 0.005709266578831796 94 7 0
0x7fffaf20607c 0.005706760316066725 112 7 0
0x7fffaf206078 0.005704256252742431 267 3 0
0x602134 0.005701754385964913 1 305 0
6357230580x7fffaf206078 0.005699254712845244 0 0 0
0x7fffaf206078 0.0056967572304995615 268 3 0
0x7fffaf206078 0.0056942619360490585 269 1 0
0x602050 0.005691768826619965 95 7 0
0x7fffaf20607c 0.0056892778993435445 113 7 0
0x7fffaf206078 0.005686789151356081 270 3 0
0x602138 0.005684302579798863 1 305 0
13691330690x7fffaf206078 0.005681818181818182 0 0 0
0x7fffaf206078 0.005679335954565312 271 3 0
0x7fffaf206078 0.005676855895196507 272 1 0
0x602050 0.005674378000872981 96 7 0
0x7fffaf20607c 0.005671902268760907 114 7 0
0x7fffaf206078 0.0056694286960314 273 3 0
0x60213c 0.005666957279860506 1 305 0
11258981670x7fffaf206078 0.005664488017429194 0 0 0
0x7fffaf206078 0.005662020905923345 274 3 0
0x7fffaf206078 0.0056595559425337396 275 1 0
0x602050 0.005657093124456049 97 7 0
0x7fffaf20607c 0.005654632448890822 115 7 0
0x7fffaf20607c 0.005652173913043478 116 1 0
0x7fffaf20607c 0.005649717514124294 117 1 0
0x602050 0.005647263249348393 98 4 0
0x7fffaf20607c 0.005642361111111111 118 5 0
0x7fffaf20607c 0.005639913232104121 119 1 0
0x6021f0 0.005637467476149176 1 568 0
0x7fffaf20607c 0.005635023840485479 120 2 0
1--->0x7fffaf20607c 0.005632582322357019 0 0 0
0x7fffaf205fec 0.00563014291901256 0 0 0
0x7fffaf205fe4 0.005627705627705628 0 0 0
0x7fffaf205fe0 0.005625270445694505 0 0 0
0x7fffaf205fe8 0.005622837370242215 0 0 0
0x7fffaf205fe8 0.005620406398616515 1 1 0
0x602050 0.0056179775280898875 99 14 0
0x7fffaf205fec 0.005615550755939525 1 6 0
0x7fffaf205fe8 0.005613126079447323 2 3 0
0x602060 0.0056107034958998705 2 310 0
0x7fffaf205fe8 0.0056082830025884385 3 2 0
0x6021f0 0.00560586459680897 2 13 0
0x7fffaf205fe8 0.005603448275862069 4 2 0
0x7fffaf205fe8 0.005601034037052995 5 1 0
0x7fffaf205fe8 0.005598621877691645 6 1 0
0x602050 0.005596211795092553 100 9 0
0x7fffaf205fec 0.005593803786574871 2 9 0
0x7fffaf205fe8 0.005591397849462366 7 3 0
0x602064 0.005588993981083405 2 312 0
0x7fffaf205fe8 0.00558659217877095 8 2 0
0x6021f4 0.005584192439862543 1 539 0
0x7fffaf205fec 0.0055817947617003 3 5 0
0x7fffaf205fe8 0.005579399141630901 9 3 0
0x602064 0.005577005577005577 3 5 0
0x7fffaf205fe8 0.005574614065180103 10 2 0
0x7fffaf205fec 0.005572224603514788 4 4 0
0x602088 0.005569837189374464 2 277 0
0x7fffaf205fe0 0.00556745182012848 1 24 0
0x7fffaf205fe8 0.005565068493150685 11 4 0
0x7fffaf205fe8 0.005562687205819427 12 1 0
0x7fffaf205fe8 0.005560307955517536 13 1 0
0x602050 0.0055579307396323215 101 16 0
0x7fffaf205fec 0.005555555555555556 5 7 0
0x7fffaf205fe8 0.005553182400683468 14 3 0
0x602068 0.005550811272416738 2 321 0
0x7fffaf205fe8 0.005548442168160478 15 2 0
0x6021f8 0.005546075085324232 1 504 0
0x7fffaf205fec 0.005543710021321962 6 5 0
0x7fffaf205fe8 0.005541346973572037 16 3 0
0x602068 0.005538985939497231 3 5 0
0x7fffaf205fe8 0.005536626916524702 17 2 0
0x7fffaf205fec 0.005534269902085994 7 4 0
0x6020b0 0.005531914893617021 2 243 0
0x7fffaf205fe0 0.00552956188855806 2 16 0
0x7fffaf205fe8 0.0055272108843537416 18 4 0
0x6020b0 0.0055248618784530384 3 3 0
0x7fffaf205fec 0.0055225148683092605 8 5 0
0x7fffaf205fe8 0.005520169851380042 19 3 0
0x602068 0.0055178268251273345 4 9 0
0x7fffaf205fe0 0.005515485787017395 3 6 0
0x7fffaf205fec 0.00551314673452078 9 4 0
0x7fffaf205fe8 0.005510809665112336 20 4 0
0x602068 0.005508474576271186 5 4 0
0x7fffaf205fdc 0.005506141465480729 0 0 0
0x7fffaf205fe8 0.00550381033022862 21 3 0
0x7fffaf205fe4 0.005501481168006771 1 53 0
0x7fffaf205fe8 0.005499153976311337 22 2 0
0x7fffaf205fe8 0.0054968287526427064 23 1 0
0x7fffaf205fe8 0.005494505494505495 24 1 0
0x602050 0.005492184199408534 102 28 0
0x7fffaf205fec 0.005489864864864865 10 10 0
0x7fffaf205fe8 0.005487547488391726 25 3 0
0x60206c 0.005485232067510549 2 342 0
0x7fffaf205fe8 0.005482918599746942 26 2 0
0x6021fc 0.0054806070826306915 1 481 0
0x7fffaf205fec 0.005478297513695744 11 5 0
0x7fffaf205fe8 0.005475989890480202 27 3 0
0x60206c 0.0054736842105263155 3 5 0
0x7fffaf205fe8 0.005471380471380472 28 2 0
0x7fffaf205fec 0.005469078670593185 12 4 0
0x6020d8 0.0054667788057190915 2 221 0
0x7fffaf205fe0 0.00546448087431694 4 22 0
0x7fffaf205fe8 0.0054621848739495795 29 4 0
0x7fffaf205fe8 0.005459890802183957 30 1 0
0x7fffaf205fe8 0.0054575986565911 31 1 0
0x602050 0.005455308434746118 103 16 0
0x7fffaf205fec 0.005453020134228188 13 7 0
0x7fffaf205fe8 0.005450733752620545 32 3 0
0x602070 0.005448449287510477 2 351 0
0x7fffaf205fe8 0.005446166736489317 33 2 0
0x602200 0.005443886097152429 1 446 0
0x7fffaf205fec 0.0054416073670992045 14 5 0
0x7fffaf205fe8 0.005439330543933054 34 3 0
0x602070 0.005437055625261397 3 5 0
0x7fffaf205fe8 0.005434782608695652 35 2 0
0x7fffaf205fec 0.005432511491851233 15 4 0
0x602100 0.005430242272347535 2 187 0
0x7fffaf205fe0 0.005427974947807933 5 16 0
0x7fffaf205fe8 0.005425709515859766 36 4 0
0x602100 0.005423445974134335 3 3 0
0x7fffaf205fec 0.005421184320266889 16 5 0
0x7fffaf205fe8 0.005418924551896623 37 3 0
0x602070 0.005416666666666667 4 9 0
0x7fffaf205fe0 0.005414410662224073 6 6 0
0x7fffaf205fec 0.005412156536219817 17 4 0
0x7fffaf205fe8 0.005409904286308781 38 4 0
0x602070 0.005407653910149751 5 4 0
0x7fffaf205fdc 0.005405405405405406 1 44 0
0x7fffaf205fe8 0.005403158769742311 39 3 0
0x7fffaf205fe4 0.00540091400083091 2 44 0
0x7fffaf205fe8 0.005398671096345515 40 2 0
0x7fffaf205fe8 0.005396430053964301 41 1 0
0x7fffaf205fe8 0.0053941908713692945 42 1 0
0x602050 0.005391953546246371 104 28 0
0x7fffaf205fec 0.00538971807628524 18 10 0
0x7fffaf205fe8 0.005387484459179445 43 3 0
0x602074 0.005385252692626346 2 372 0
0x7fffaf205fe8 0.005383022774327122 44 2 0
0x602204 0.005380794701986755 1 423 0
0x7fffaf205fec 0.005378568473314025 19 5 0
0x7fffaf205fe8 0.005376344086021506 45 3 0
0x602074 0.005374121537825548 3 5 0
0x7fffaf205fe8 0.005371900826446281 46 2 0
0x7fffaf205fec 0.0053696819496076 20 4 0
0x602128 0.0053674649050371595 2 165 0
0x7fffaf205fe0 0.005365249690466364 7 22 0
0x7fffaf205fe8 0.005363036303630363 47 4 0
0x7fffaf205fe8 0.0053608247422680414 48 1 0
0x7fffaf205fe8 0.0053586150041220115 49 1 0
0x602050 0.005356407086938607 105 16 0
0x7fffaf205fe0 0.005354200988467875 8 5 0
0x7fffaf205fdc 0.005351996706463565 2 24 0
0x602044 0.005349794238683128 0 0 0
0x602044 0.0053475935828877 1 1 0
0x7fffaf205fe4 0.005345394736842105 3 25 0
0x7fffaf206074 0.005343197698314837 0 0 0
0x7fffaf206074 0.005341002465078061 1 1 0
0x7fffaf206074 0.0053388090349075976 2 1 0
0x7fffaf205fec 0.005336617405582923 21 15 0
0x7fffaf205fec 0.005334427574887156 22 1 0
0x602200 0.005332239540607055 2 50 0
0x7fffaf205fec 0.005330053300533005 23 2 0
5--->0x7fffaf205fec 0.005327868852459016 0 0 0
0x7fffaf205f5c 0.005325686194182712 0 0 0
0x7fffaf205f54 0.005323505323505323 0 0 0
0x7fffaf205f50 0.005321326238231682 0 0 0
0x7fffaf205f58 0.005319148936170213 0 0 0
0x7fffaf205f58 0.005316973415132925 1 1 0
0x602050 0.005314799672935405 106 19 0
0x7fffaf205f5c 0.0053126277073968125 1 6 0
0x7fffaf205f58 0.0053104575163398695 2 3 0
0x602100 0.005308289097590854 4 52 0
0x7fffaf205f58 0.005306122448979592 3 2 0
0x6021f0 0.005303957568339453 3 132 0
0x7fffaf205f58 0.005301794453507341 4 2 0
0x7fffaf205f58 0.005299633102323685 5 1 0
0x7fffaf205f58 0.005297473512632437 6 1 0
0x602050 0.005295315682281059 107 9 0
0x7fffaf205f5c 0.005293159609120521 2 9 0
0x7fffaf205f58 0.005291005291005291 7 3 0
0x602104 0.0052888527257933275 2 244 0
0x7fffaf205f58 0.005286701911346075 8 2 0
0x6021f4 0.005284552845528455 2 132 0
0x7fffaf205f5c 0.005282405526208858 3 5 0
0x7fffaf205f58 0.005280259951259139 9 3 0
0x602104 0.005278116118554608 3 5 0
0x7fffaf205f58 0.005275974025974026 10 2 0
0x7fffaf205f5c 0.005273833671399594 4 4 0
0x602098 0.0052716950527169504 2 381 0
0x7fffaf205f50 0.00526955816781516 1 24 0
0x7fffaf205f58 0.00526742301458671 11 4 0
0x7fffaf205f58 0.005265289590927501 12 1 0
0x7fffaf205f58 0.005263157894736842 13 1 0
0x602050 0.005261027923917442 108 16 0
0x7fffaf205f5c 0.0052588996763754045 5 7 0
0x7fffaf205f58 0.005256773150020219 14 3 0
0x602108 0.005254648342764754 2 253 0
0x7fffaf205f58 0.0052525252525252525 15 2 0
0x6021f8 0.005250403877221325 2 132 0
0x7fffaf205f5c 0.005248284214775939 6 5 0
0x7fffaf205f58 0.005246166263115416 16 3 0
0x602108 0.0052440500201694235 3 5 0
0x7fffaf205f58 0.005241935483870968 17 2 0
0x7fffaf205f5c 0.005239822652156389 7 4 0
0x6020c0 0.005237711522965351 2 347 0
0x7fffaf205f50 0.005235602094240838 2 16 0
0x7fffaf205f58 0.005233494363929146 18 4 0
0x7fffaf205f58 0.005231388329979879 19 1 0
0x7fffaf205f58 0.005229283990345938 20 1 0
0x602050 0.005227181342983514 109 16 0
0x7fffaf205f5c 0.00522508038585209 8 7 0
0x7fffaf205f58 0.005222981116914423 21 3 0
0x60210c 0.005220883534136547 2 262 0
0x7fffaf205f58 0.005218787635487756 22 2 0
0x6021fc 0.00521669341894061 2 120 0
0x7fffaf205f5c 0.005214600882470918 9 5 0
0x7fffaf205f58 0.0052125100240577385 23 3 0
0x60210c 0.0052104208416833666 3 5 0
0x7fffaf205f58 0.005208333333333333 24 2 0
0x7fffaf205f5c 0.005206247496996396 10 4 0
0x6020e8 0.005204163330664532 2 313 0
0x7fffaf205f50 0.005202080832332933 3 16 0
0x7fffaf205f58 0.0052 25 4 0
0x7fffaf205f58 0.005197920831667333 26 1 0
0x7fffaf205f58 0.005195843325339729 27 1 0
0x602050 0.0051937674790251695 110 16 0
0x7fffaf205f5c 0.005191693290734824 11 7 0
0x7fffaf205f58 0.005189620758483034 28 3 0
0x602110 0.0051875498802873106 2 271 0
0x7fffaf205f58 0.005185480654168329 29 2 0
0x602200 0.00518341307814992 3 70 0
0x7fffaf205f58 0.0051813471502590676 30 2 0
0x7fffaf205f58 0.0051792828685258965 31 1 0
0x7fffaf205f58 0.005177220230983672 32 1 0
0x602050 0.0051751592356687895 111 9 0
0x7fffaf205f5c 0.005173099880620772 12 9 0
0x7fffaf205f58 0.005171042163882259 33 3 0
0x602114 0.005168986083499006 2 273 0
0x7fffaf205f58 0.0051669316375198724 34 2 0
0x602204 0.005164878823996822 2 101 0
0x7fffaf205f5c 0.005162827640984908 13 5 0
0x7fffaf205f58 0.005160778086542279 35 3 0
0x602114 0.005158730158730159 3 5 0
0x7fffaf205f58 0.005156683855612852 36 2 0
0x7fffaf205f5c 0.005154639175257732 14 4 0
0x602138 0.005152596115735236 2 238 0
0x7fffaf205f50 0.005150554675118859 4 25 0
0x7fffaf205f58 0.005148514851485149 37 4 0
0x7fffaf205f58 0.005146476642913698 38 1 0
0x7fffaf205f58 0.0051444400474871385 39 1 0
0x602050 0.005142405063291139 112 16 0
0x7fffaf205f50 0.005140371688414393 5 5 0
0x7fffaf205f54 0.005138339920948616 1 88 0
0x7fffaf205fe4 0.005136309758988542 4 99 0
0x7fffaf205fe4 0.005134281200631911 5 1 0
0x7fffaf205fe4 0.005132254243979471 6 1 0
0x7fffaf205fe4 0.005130228887134964 7 1 0
10x7fffaf205fec 0.005128205128205128 0 0 0
0x7fffaf205fe4 0.005126182965299685 8 2 0
0x602100 0.005124162396531336 5 88 0
0x602044 0.00512214342001576 2 107 0
0x602044 0.005120126033871603 3 1 0
0x602044 0.005118110236220472 4 1 0